Year	Month	Brand	Cost_per_Unit	Units_Sold	selling price	Revenue	Return_Units	Return_Revenue	Net_Units_Sold	NET REVENUE	TOTAL COST	NET PROFIT	PROFIT
2022	Jan	Samsung	竄ｹ 18,000.00	100	竄ｹ 22,000	竄ｹ 22,00,000	8	竄ｹ 1,76,000	92	竄ｹ 20,24,000	竄ｹ 18,00,000	竄ｹ 2,24,000	竄ｹ 4,000
2022	Jan	LG	竄ｹ 19,500.00	110	竄ｹ 23,500	竄ｹ 25,85,000	8	竄ｹ 1,88,000	102	竄ｹ 23,97,000	竄ｹ 21,45,000	竄ｹ 2,52,000	竄ｹ 4,000
2022	Jan	Sony	竄ｹ 21,000.00	120	竄ｹ 25,000	竄ｹ 30,00,000	9	竄ｹ 2,25,000	111	竄ｹ 27,75,000	竄ｹ 25,20,000	竄ｹ 2,55,000	竄ｹ 4,000
2022	Feb	Samsung	竄ｹ 18,000.00	105	竄ｹ 22,000	竄ｹ 23,10,000	8	竄ｹ 1,76,000	97	竄ｹ 21,34,000	竄ｹ 18,90,000	竄ｹ 2,44,000	竄ｹ 4,000
2022	Feb	LG	竄ｹ 19,500.00	115	竄ｹ 23,500	竄ｹ 27,02,500	9	竄ｹ 2,11,500	106	竄ｹ 24,91,000	竄ｹ 22,42,500	竄ｹ 2,48,500	竄ｹ 4,000
2022	Feb	Sony	竄ｹ 21,000.00	125	竄ｹ 25,000	竄ｹ 31,25,000	10	竄ｹ 2,50,000	115	竄ｹ 28,75,000	竄ｹ 26,25,000	竄ｹ 2,50,000	竄ｹ 4,000
2022	Mar	Samsung	竄ｹ 18,000.00	110	竄ｹ 22,000	竄ｹ 24,20,000	8	竄ｹ 1,76,000	102	竄ｹ 22,44,000	竄ｹ 19,80,000	竄ｹ 2,64,000	竄ｹ 4,000
2022	Mar	LG	竄ｹ 19,500.00	120	竄ｹ 23,500	竄ｹ 28,20,000	9	竄ｹ 2,11,500	111	竄ｹ 26,08,500	竄ｹ 23,40,000	竄ｹ 2,68,500	竄ｹ 4,000
2022	Mar	Sony	竄ｹ 21,000.00	130	竄ｹ 25,000	竄ｹ 32,50,000	10	竄ｹ 2,50,000	120	竄ｹ 30,00,000	竄ｹ 27,30,000	竄ｹ 2,70,000	竄ｹ 4,000
2022	Apr	Samsung	竄ｹ 18,000.00	115	竄ｹ 22,000	竄ｹ 25,30,000	9	竄ｹ 1,98,000	106	竄ｹ 23,32,000	竄ｹ 20,70,000	竄ｹ 2,62,000	竄ｹ 4,000
2022	Apr	LG	竄ｹ 19,500.00	125	竄ｹ 23,500	竄ｹ 29,37,500	10	竄ｹ 2,35,000	115	竄ｹ 27,02,500	竄ｹ 24,37,500	竄ｹ 2,65,000	竄ｹ 4,000
2022	Apr	Sony	竄ｹ 21,000.00	135	竄ｹ 25,000	竄ｹ 33,75,000	10	竄ｹ 2,50,000	125	竄ｹ 31,25,000	竄ｹ 28,35,000	竄ｹ 2,90,000	竄ｹ 4,000
2022	May	Samsung	竄ｹ 18,000.00	120	竄ｹ 22,000	竄ｹ 26,40,000	9	竄ｹ 1,98,000	111	竄ｹ 24,42,000	竄ｹ 21,60,000	竄ｹ 2,82,000	竄ｹ 4,000
2022	May	LG	竄ｹ 19,500.00	130	竄ｹ 23,500	竄ｹ 30,55,000	10	竄ｹ 2,35,000	120	竄ｹ 28,20,000	竄ｹ 25,35,000	竄ｹ 2,85,000	竄ｹ 4,000
2022	May	Sony	竄ｹ 21,000.00	140	竄ｹ 25,000	竄ｹ 35,00,000	11	竄ｹ 2,75,000	129	竄ｹ 32,25,000	竄ｹ 29,40,000	竄ｹ 2,85,000	竄ｹ 4,000
2022	Jun	Samsung	竄ｹ 18,000.00	125	竄ｹ 22,000	竄ｹ 27,50,000	10	竄ｹ 2,20,000	115	竄ｹ 25,30,000	竄ｹ 22,50,000	竄ｹ 2,80,000	竄ｹ 4,000
2022	Jun	LG	竄ｹ 19,500.00	135	竄ｹ 23,500	竄ｹ 31,72,500	10	竄ｹ 2,35,000	125	竄ｹ 29,37,500	竄ｹ 26,32,500	竄ｹ 3,05,000	竄ｹ 4,000
2022	Jun	Sony	竄ｹ 21,000.00	145	竄ｹ 25,000	竄ｹ 36,25,000	11	竄ｹ 2,75,000	134	竄ｹ 33,50,000	竄ｹ 30,45,000	竄ｹ 3,05,000	竄ｹ 4,000
2022	Jul	Samsung	竄ｹ 18,000.00	130	竄ｹ 22,000	竄ｹ 28,60,000	10	竄ｹ 2,20,000	120	竄ｹ 26,40,000	竄ｹ 23,40,000	竄ｹ 3,00,000	竄ｹ 4,000
2022	Jul	LG	竄ｹ 19,500.00	140	竄ｹ 23,500	竄ｹ 32,90,000	11	竄ｹ 2,58,500	129	竄ｹ 30,31,500	竄ｹ 27,30,000	竄ｹ 3,01,500	竄ｹ 4,000
2022	Jul	Sony	竄ｹ 21,000.00	150	竄ｹ 25,000	竄ｹ 37,50,000	12	竄ｹ 3,00,000	138	竄ｹ 34,50,000	竄ｹ 31,50,000	竄ｹ 3,00,000	竄ｹ 4,000
2022	Aug	Samsung	竄ｹ 18,000.00	135	竄ｹ 22,000	竄ｹ 29,70,000	10	竄ｹ 2,20,000	125	竄ｹ 27,50,000	竄ｹ 24,30,000	竄ｹ 3,20,000	竄ｹ 4,000
2022	Aug	LG	竄ｹ 19,500.00	145	竄ｹ 23,500	竄ｹ 34,07,500	11	竄ｹ 2,58,500	134	竄ｹ 31,49,000	竄ｹ 28,27,500	竄ｹ 3,21,500	竄ｹ 4,000
2022	Aug	Sony	竄ｹ 21,000.00	155	竄ｹ 25,000	竄ｹ 38,75,000	12	竄ｹ 3,00,000	143	竄ｹ 35,75,000	竄ｹ 32,55,000	竄ｹ 3,20,000	竄ｹ 4,000
2022	Sep	Samsung	竄ｹ 18,000.00	140	竄ｹ 22,000	竄ｹ 30,80,000	11	竄ｹ 2,42,000	129	竄ｹ 28,38,000	竄ｹ 25,20,000	竄ｹ 3,18,000	竄ｹ 4,000
2022	Sep	LG	竄ｹ 19,500.00	150	竄ｹ 23,500	竄ｹ 35,25,000	12	竄ｹ 2,82,000	138	竄ｹ 32,43,000	竄ｹ 29,25,000	竄ｹ 3,18,000	竄ｹ 4,000
2022	Sep	Sony	竄ｹ 21,000.00	160	竄ｹ 25,000	竄ｹ 40,00,000	12	竄ｹ 3,00,000	148	竄ｹ 37,00,000	竄ｹ 33,60,000	竄ｹ 3,40,000	竄ｹ 4,000
2022	Oct	Samsung	竄ｹ 18,000.00	145	竄ｹ 22,000	竄ｹ 31,90,000	11	竄ｹ 2,42,000	134	竄ｹ 29,48,000	竄ｹ 26,10,000	竄ｹ 3,38,000	竄ｹ 4,000
2022	Oct	LG	竄ｹ 19,500.00	155	竄ｹ 23,500	竄ｹ 36,42,500	12	竄ｹ 2,82,000	143	竄ｹ 33,60,500	竄ｹ 30,22,500	竄ｹ 3,38,000	竄ｹ 4,000
2022	Oct	Sony	竄ｹ 21,000.00	165	竄ｹ 25,000	竄ｹ 41,25,000	13	竄ｹ 3,25,000	152	竄ｹ 38,00,000	竄ｹ 34,65,000	竄ｹ 3,35,000	竄ｹ 4,000
2022	Nov	Samsung	竄ｹ 18,000.00	150	竄ｹ 22,000	竄ｹ 33,00,000	12	竄ｹ 2,64,000	138	竄ｹ 30,36,000	竄ｹ 27,00,000	竄ｹ 3,36,000	竄ｹ 4,000
2022	Nov	LG	竄ｹ 19,500.00	160	竄ｹ 23,500	竄ｹ 37,60,000	12	竄ｹ 2,82,000	148	竄ｹ 34,78,000	竄ｹ 31,20,000	竄ｹ 3,58,000	竄ｹ 4,000
2022	Nov	Sony	竄ｹ 21,000.00	170	竄ｹ 25,000	竄ｹ 42,50,000	13	竄ｹ 3,25,000	157	竄ｹ 39,25,000	竄ｹ 35,70,000	竄ｹ 3,55,000	竄ｹ 4,000
2022	Dec	Samsung	竄ｹ 18,000.00	155	竄ｹ 22,000	竄ｹ 34,10,000	12	竄ｹ 2,64,000	143	竄ｹ 31,46,000	竄ｹ 27,90,000	竄ｹ 3,56,000	竄ｹ 4,000
2022	Dec	LG	竄ｹ 19,500.00	165	竄ｹ 23,500	竄ｹ 38,77,500	13	竄ｹ 3,05,500	152	竄ｹ 35,72,000	竄ｹ 32,17,500	竄ｹ 3,54,500	竄ｹ 4,000
2022	Dec	Sony	竄ｹ 21,000.00	175	竄ｹ 25,000	竄ｹ 43,75,000	14	竄ｹ 3,50,000	161	竄ｹ 40,25,000	竄ｹ 36,75,000	竄ｹ 3,50,000	竄ｹ 4,000
2023	Jan	Samsung	竄ｹ 18,500.00	100	竄ｹ 22,500	竄ｹ 22,50,000	8	竄ｹ 1,80,000	92	竄ｹ 20,70,000	竄ｹ 18,50,000	竄ｹ 2,20,000	竄ｹ 4,000
2023	Jan	LG	竄ｹ 20,000.00	110	竄ｹ 24,000	竄ｹ 26,40,000	8	竄ｹ 1,92,000	102	竄ｹ 24,48,000	竄ｹ 22,00,000	竄ｹ 2,48,000	竄ｹ 4,000
2023	Jan	Sony	竄ｹ 21,500.00	120	竄ｹ 25,500	竄ｹ 30,60,000	9	竄ｹ 2,29,500	111	竄ｹ 28,30,500	竄ｹ 25,80,000	竄ｹ 2,50,500	竄ｹ 4,000
2023	Feb	Samsung	竄ｹ 18,500.00	105	竄ｹ 22,500	竄ｹ 23,62,500	8	竄ｹ 1,80,000	97	竄ｹ 21,82,500	竄ｹ 19,42,500	竄ｹ 2,40,000	竄ｹ 4,000
2023	Feb	LG	竄ｹ 20,000.00	115	竄ｹ 24,000	竄ｹ 27,60,000	9	竄ｹ 2,16,000	106	竄ｹ 25,44,000	竄ｹ 23,00,000	竄ｹ 2,44,000	竄ｹ 4,000
2023	Feb	Sony	竄ｹ 21,500.00	125	竄ｹ 25,500	竄ｹ 31,87,500	10	竄ｹ 2,55,000	115	竄ｹ 29,32,500	竄ｹ 26,87,500	竄ｹ 2,45,000	竄ｹ 4,000
2023	Mar	Samsung	竄ｹ 18,500.00	110	竄ｹ 22,500	竄ｹ 24,75,000	8	竄ｹ 1,80,000	102	竄ｹ 22,95,000	竄ｹ 20,35,000	竄ｹ 2,60,000	竄ｹ 4,000
2023	Mar	LG	竄ｹ 20,000.00	120	竄ｹ 24,000	竄ｹ 28,80,000	9	竄ｹ 2,16,000	111	竄ｹ 26,64,000	竄ｹ 24,00,000	竄ｹ 2,64,000	竄ｹ 4,000
2023	Mar	Sony	竄ｹ 21,500.00	130	竄ｹ 25,500	竄ｹ 33,15,000	10	竄ｹ 2,55,000	120	竄ｹ 30,60,000	竄ｹ 27,95,000	竄ｹ 2,65,000	竄ｹ 4,000
2023	Apr	Samsung	竄ｹ 18,500.00	115	竄ｹ 22,500	竄ｹ 25,87,500	9	竄ｹ 2,02,500	106	竄ｹ 23,85,000	竄ｹ 21,27,500	竄ｹ 2,57,500	竄ｹ 4,000
2023	Apr	LG	竄ｹ 20,000.00	125	竄ｹ 24,000	竄ｹ 30,00,000	10	竄ｹ 2,40,000	115	竄ｹ 27,60,000	竄ｹ 25,00,000	竄ｹ 2,60,000	竄ｹ 4,000
2023	Apr	Sony	竄ｹ 21,500.00	135	竄ｹ 25,500	竄ｹ 34,42,500	10	竄ｹ 2,55,000	125	竄ｹ 31,87,500	竄ｹ 29,02,500	竄ｹ 2,85,000	竄ｹ 4,000
2023	May	Samsung	竄ｹ 18,500.00	120	竄ｹ 22,500	竄ｹ 27,00,000	9	竄ｹ 2,02,500	111	竄ｹ 24,97,500	竄ｹ 22,20,000	竄ｹ 2,77,500	竄ｹ 4,000
2023	May	LG	竄ｹ 20,000.00	130	竄ｹ 24,000	竄ｹ 31,20,000	10	竄ｹ 2,40,000	120	竄ｹ 28,80,000	竄ｹ 26,00,000	竄ｹ 2,80,000	竄ｹ 4,000
2023	May	Sony	竄ｹ 21,500.00	140	竄ｹ 25,500	竄ｹ 35,70,000	11	竄ｹ 2,80,500	129	竄ｹ 32,89,500	竄ｹ 30,10,000	竄ｹ 2,79,500	竄ｹ 4,000
2023	Jun	Samsung	竄ｹ 18,500.00	125	竄ｹ 22,500	竄ｹ 28,12,500	10	竄ｹ 2,25,000	115	竄ｹ 25,87,500	竄ｹ 23,12,500	竄ｹ 2,75,000	竄ｹ 4,000
2023	Jun	LG	竄ｹ 20,000.00	135	竄ｹ 24,000	竄ｹ 32,40,000	10	竄ｹ 2,40,000	125	竄ｹ 30,00,000	竄ｹ 27,00,000	竄ｹ 3,00,000	竄ｹ 4,000
2023	Jun	Sony	竄ｹ 21,500.00	145	竄ｹ 25,500	竄ｹ 36,97,500	11	竄ｹ 2,80,500	134	竄ｹ 34,17,000	竄ｹ 31,17,500	竄ｹ 2,99,500	竄ｹ 4,000
2023	Jul	Samsung	竄ｹ 18,500.00	130	竄ｹ 22,500	竄ｹ 29,25,000	10	竄ｹ 2,25,000	120	竄ｹ 27,00,000	竄ｹ 24,05,000	竄ｹ 2,95,000	竄ｹ 4,000
2023	Jul	LG	竄ｹ 20,000.00	140	竄ｹ 24,000	竄ｹ 33,60,000	11	竄ｹ 2,64,000	129	竄ｹ 30,96,000	竄ｹ 28,00,000	竄ｹ 2,96,000	竄ｹ 4,000
2023	Jul	Sony	竄ｹ 21,500.00	150	竄ｹ 25,500	竄ｹ 38,25,000	12	竄ｹ 3,06,000	138	竄ｹ 35,19,000	竄ｹ 32,25,000	竄ｹ 2,94,000	竄ｹ 4,000
2023	Aug	Samsung	竄ｹ 18,500.00	135	竄ｹ 22,500	竄ｹ 30,37,500	10	竄ｹ 2,25,000	125	竄ｹ 28,12,500	竄ｹ 24,97,500	竄ｹ 3,15,000	竄ｹ 4,000
2023	Aug	LG	竄ｹ 20,000.00	145	竄ｹ 24,000	竄ｹ 34,80,000	11	竄ｹ 2,64,000	134	竄ｹ 32,16,000	竄ｹ 29,00,000	竄ｹ 3,16,000	竄ｹ 4,000
2023	Aug	Sony	竄ｹ 21,500.00	155	竄ｹ 25,500	竄ｹ 39,52,500	12	竄ｹ 3,06,000	143	竄ｹ 36,46,500	竄ｹ 33,32,500	竄ｹ 3,14,000	竄ｹ 4,000
2023	Sep	Samsung	竄ｹ 18,500.00	140	竄ｹ 22,500	竄ｹ 31,50,000	11	竄ｹ 2,47,500	129	竄ｹ 29,02,500	竄ｹ 25,90,000	竄ｹ 3,12,500	竄ｹ 4,000
2023	Sep	LG	竄ｹ 20,000.00	150	竄ｹ 24,000	竄ｹ 36,00,000	12	竄ｹ 2,88,000	138	竄ｹ 33,12,000	竄ｹ 30,00,000	竄ｹ 3,12,000	竄ｹ 4,000
2023	Sep	Sony	竄ｹ 21,500.00	160	竄ｹ 25,500	竄ｹ 40,80,000	12	竄ｹ 3,06,000	148	竄ｹ 37,74,000	竄ｹ 34,40,000	竄ｹ 3,34,000	竄ｹ 4,000
2023	Oct	Samsung	竄ｹ 18,500.00	145	竄ｹ 22,500	竄ｹ 32,62,500	11	竄ｹ 2,47,500	134	竄ｹ 30,15,000	竄ｹ 26,82,500	竄ｹ 3,32,500	竄ｹ 4,000
2023	Oct	LG	竄ｹ 20,000.00	155	竄ｹ 24,000	竄ｹ 37,20,000	12	竄ｹ 2,88,000	143	竄ｹ 34,32,000	竄ｹ 31,00,000	竄ｹ 3,32,000	竄ｹ 4,000
2023	Oct	Sony	竄ｹ 21,500.00	165	竄ｹ 25,500	竄ｹ 42,07,500	13	竄ｹ 3,31,500	152	竄ｹ 38,76,000	竄ｹ 35,47,500	竄ｹ 3,28,500	竄ｹ 4,000
2023	Nov	Samsung	竄ｹ 18,500.00	150	竄ｹ 22,500	竄ｹ 33,75,000	12	竄ｹ 2,70,000	138	竄ｹ 31,05,000	竄ｹ 27,75,000	竄ｹ 3,30,000	竄ｹ 4,000
2023	Nov	LG	竄ｹ 20,000.00	160	竄ｹ 24,000	竄ｹ 38,40,000	12	竄ｹ 2,88,000	148	竄ｹ 35,52,000	竄ｹ 32,00,000	竄ｹ 3,52,000	竄ｹ 4,000
2023	Nov	Sony	竄ｹ 21,500.00	170	竄ｹ 25,500	竄ｹ 43,35,000	13	竄ｹ 3,31,500	157	竄ｹ 40,03,500	竄ｹ 36,55,000	竄ｹ 3,48,500	竄ｹ 4,000
2023	Dec	Samsung	竄ｹ 18,500.00	155	竄ｹ 22,500	竄ｹ 34,87,500	12	竄ｹ 2,70,000	143	竄ｹ 32,17,500	竄ｹ 28,67,500	竄ｹ 3,50,000	竄ｹ 4,000
2023	Dec	LG	竄ｹ 20,000.00	165	竄ｹ 24,000	竄ｹ 39,60,000	13	竄ｹ 3,12,000	152	竄ｹ 36,48,000	竄ｹ 33,00,000	竄ｹ 3,48,000	竄ｹ 4,000
2023	Dec	Sony	竄ｹ 21,500.00	175	竄ｹ 25,500	竄ｹ 44,62,500	14	竄ｹ 3,57,000	161	竄ｹ 41,05,500	竄ｹ 37,62,500	竄ｹ 3,43,000	竄ｹ 4,000
2024	Jan	Samsung	竄ｹ 19,000.00	100	竄ｹ 23,000	竄ｹ 23,00,000	8	竄ｹ 1,84,000	92	竄ｹ 21,16,000	竄ｹ 19,00,000	竄ｹ 2,16,000	竄ｹ 4,000
2024	Jan	LG	竄ｹ 20,500.00	110	竄ｹ 24,500	竄ｹ 26,95,000	8	竄ｹ 1,96,000	102	竄ｹ 24,99,000	竄ｹ 22,55,000	竄ｹ 2,44,000	竄ｹ 4,000
2024	Jan	Sony	竄ｹ 22,000.00	120	竄ｹ 26,000	竄ｹ 31,20,000	9	竄ｹ 2,34,000	111	竄ｹ 28,86,000	竄ｹ 26,40,000	竄ｹ 2,46,000	竄ｹ 4,000
2024	Feb	Samsung	竄ｹ 19,000.00	105	竄ｹ 23,000	竄ｹ 24,15,000	8	竄ｹ 1,84,000	97	竄ｹ 22,31,000	竄ｹ 19,95,000	竄ｹ 2,36,000	竄ｹ 4,000
2024	Feb	LG	竄ｹ 20,500.00	115	竄ｹ 24,500	竄ｹ 28,17,500	9	竄ｹ 2,20,500	106	竄ｹ 25,97,000	竄ｹ 23,57,500	竄ｹ 2,39,500	竄ｹ 4,000
2024	Feb	Sony	竄ｹ 22,000.00	125	竄ｹ 26,000	竄ｹ 32,50,000	10	竄ｹ 2,60,000	115	竄ｹ 29,90,000	竄ｹ 27,50,000	竄ｹ 2,40,000	竄ｹ 4,000
2024	Mar	Samsung	竄ｹ 19,000.00	110	竄ｹ 23,000	竄ｹ 25,30,000	8	竄ｹ 1,84,000	102	竄ｹ 23,46,000	竄ｹ 20,90,000	竄ｹ 2,56,000	竄ｹ 4,000
2024	Mar	LG	竄ｹ 20,500.00	120	竄ｹ 24,500	竄ｹ 29,40,000	9	竄ｹ 2,20,500	111	竄ｹ 27,19,500	竄ｹ 24,60,000	竄ｹ 2,59,500	竄ｹ 4,000
2024	Mar	Sony	竄ｹ 22,000.00	130	竄ｹ 26,000	竄ｹ 33,80,000	10	竄ｹ 2,60,000	120	竄ｹ 31,20,000	竄ｹ 28,60,000	竄ｹ 2,60,000	竄ｹ 4,000
2024	Apr	Samsung	竄ｹ 19,000.00	115	竄ｹ 23,000	竄ｹ 26,45,000	9	竄ｹ 2,07,000	106	竄ｹ 24,38,000	竄ｹ 21,85,000	竄ｹ 2,53,000	竄ｹ 4,000
2024	Apr	LG	竄ｹ 20,500.00	125	竄ｹ 24,500	竄ｹ 30,62,500	10	竄ｹ 2,45,000	115	竄ｹ 28,17,500	竄ｹ 25,62,500	竄ｹ 2,55,000	竄ｹ 4,000
2024	Apr	Sony	竄ｹ 22,000.00	135	竄ｹ 26,000	竄ｹ 35,10,000	10	竄ｹ 2,60,000	125	竄ｹ 32,50,000	竄ｹ 29,70,000	竄ｹ 2,80,000	竄ｹ 4,000
2024	May	Samsung	竄ｹ 19,000.00	120	竄ｹ 23,000	竄ｹ 27,60,000	9	竄ｹ 2,07,000	111	竄ｹ 25,53,000	竄ｹ 22,80,000	竄ｹ 2,73,000	竄ｹ 4,000
2024	May	LG	竄ｹ 20,500.00	130	竄ｹ 24,500	竄ｹ 31,85,000	10	竄ｹ 2,45,000	120	竄ｹ 29,40,000	竄ｹ 26,65,000	竄ｹ 2,75,000	竄ｹ 4,000
2024	May	Sony	竄ｹ 22,000.00	140	竄ｹ 26,000	竄ｹ 36,40,000	11	竄ｹ 2,86,000	129	竄ｹ 33,54,000	竄ｹ 30,80,000	竄ｹ 2,74,000	竄ｹ 4,000
2024	Jun	Samsung	竄ｹ 19,000.00	125	竄ｹ 23,000	竄ｹ 28,75,000	10	竄ｹ 2,30,000	115	竄ｹ 26,45,000	竄ｹ 23,75,000	竄ｹ 2,70,000	竄ｹ 4,000
2024	Jun	LG	竄ｹ 20,500.00	135	竄ｹ 24,500	竄ｹ 33,07,500	10	竄ｹ 2,45,000	125	竄ｹ 30,62,500	竄ｹ 27,67,500	竄ｹ 2,95,000	竄ｹ 4,000
2024	Jun	Sony	竄ｹ 22,000.00	145	竄ｹ 26,000	竄ｹ 37,70,000	11	竄ｹ 2,86,000	134	竄ｹ 34,84,000	竄ｹ 31,90,000	竄ｹ 2,94,000	竄ｹ 4,000
2024	Jul	Samsung	竄ｹ 19,000.00	130	竄ｹ 23,000	竄ｹ 29,90,000	10	竄ｹ 2,30,000	120	竄ｹ 27,60,000	竄ｹ 24,70,000	竄ｹ 2,90,000	竄ｹ 4,000
2024	Jul	LG	竄ｹ 20,500.00	140	竄ｹ 24,500	竄ｹ 34,30,000	11	竄ｹ 2,69,500	129	竄ｹ 31,60,500	竄ｹ 28,70,000	竄ｹ 2,90,500	竄ｹ 4,000
2024	Jul	Sony	竄ｹ 22,000.00	150	竄ｹ 26,000	竄ｹ 39,00,000	12	竄ｹ 3,12,000	138	竄ｹ 35,88,000	竄ｹ 33,00,000	竄ｹ 2,88,000	竄ｹ 4,000
2024	Aug	Samsung	竄ｹ 19,000.00	135	竄ｹ 23,000	竄ｹ 31,05,000	10	竄ｹ 2,30,000	125	竄ｹ 28,75,000	竄ｹ 25,65,000	竄ｹ 3,10,000	竄ｹ 4,000
2024	Aug	LG	竄ｹ 20,500.00	145	竄ｹ 24,500	竄ｹ 35,52,500	11	竄ｹ 2,69,500	134	竄ｹ 32,83,000	竄ｹ 29,72,500	竄ｹ 3,10,500	竄ｹ 4,000
2024	Aug	Sony	竄ｹ 22,000.00	155	竄ｹ 26,000	竄ｹ 40,30,000	12	竄ｹ 3,12,000	143	竄ｹ 37,18,000	竄ｹ 34,10,000	竄ｹ 3,08,000	竄ｹ 4,000
2024	Sep	Samsung	竄ｹ 19,000.00	140	竄ｹ 23,000	竄ｹ 32,20,000	11	竄ｹ 2,53,000	129	竄ｹ 29,67,000	竄ｹ 26,60,000	竄ｹ 3,07,000	竄ｹ 4,000
2024	Sep	LG	竄ｹ 20,500.00	150	竄ｹ 24,500	竄ｹ 36,75,000	12	竄ｹ 2,94,000	138	竄ｹ 33,81,000	竄ｹ 30,75,000	竄ｹ 3,06,000	竄ｹ 4,000
2024	Sep	Sony	竄ｹ 22,000.00	160	竄ｹ 26,000	竄ｹ 41,60,000	12	竄ｹ 3,12,000	148	竄ｹ 38,48,000	竄ｹ 35,20,000	竄ｹ 3,28,000	竄ｹ 4,000
2024	Oct	Samsung	竄ｹ 19,000.00	145	竄ｹ 23,000	竄ｹ 33,35,000	11	竄ｹ 2,53,000	134	竄ｹ 30,82,000	竄ｹ 27,55,000	竄ｹ 3,27,000	竄ｹ 4,000
2024	Oct	LG	竄ｹ 20,500.00	155	竄ｹ 24,500	竄ｹ 37,97,500	12	竄ｹ 2,94,000	143	竄ｹ 35,03,500	竄ｹ 31,77,500	竄ｹ 3,26,000	竄ｹ 4,000
2024	Oct	Sony	竄ｹ 22,000.00	165	竄ｹ 26,000	竄ｹ 42,90,000	13	竄ｹ 3,38,000	152	竄ｹ 39,52,000	竄ｹ 36,30,000	竄ｹ 3,22,000	竄ｹ 4,000
2024	Nov	Samsung	竄ｹ 19,000.00	150	竄ｹ 23,000	竄ｹ 34,50,000	12	竄ｹ 2,76,000	138	竄ｹ 31,74,000	竄ｹ 28,50,000	竄ｹ 3,24,000	竄ｹ 4,000
2024	Nov	LG	竄ｹ 20,500.00	160	竄ｹ 24,500	竄ｹ 39,20,000	12	竄ｹ 2,94,000	148	竄ｹ 36,26,000	竄ｹ 32,80,000	竄ｹ 3,46,000	竄ｹ 4,000
2024	Nov	Sony	竄ｹ 22,000.00	170	竄ｹ 26,000	竄ｹ 44,20,000	13	竄ｹ 3,38,000	157	竄ｹ 40,82,000	竄ｹ 37,40,000	竄ｹ 3,42,000	竄ｹ 4,000
2024	Dec	Samsung	竄ｹ 19,000.00	155	竄ｹ 23,000	竄ｹ 35,65,000	12	竄ｹ 2,76,000	143	竄ｹ 32,89,000	竄ｹ 29,45,000	竄ｹ 3,44,000	竄ｹ 4,000
2024	Dec	LG	竄ｹ 20,500.00	165	竄ｹ 24,500	竄ｹ 40,42,500	13	竄ｹ 3,18,500	152	竄ｹ 37,24,000	竄ｹ 33,82,500	竄ｹ 3,41,500	竄ｹ 4,000
2024	Dec	Sony	竄ｹ 22,000.00	175	竄ｹ 26,000	竄ｹ 45,50,000	14	竄ｹ 3,64,000	161	竄ｹ 41,86,000	竄ｹ 38,50,000	竄ｹ 3,36,000	竄ｹ 4,000
